amount,hour,age,merchant_risk,distance_from_home,is_fraud
74.05,17,31,0.26,14.9,0
19.3,1,78,0.241,55.0,0
115.64,8,28,0.265,2.5,0
139.85,10,46,0.367,65.7,0
7.76,23,37,0.718,52.6,0
14.85,13,57,0.95,53.7,0
62.04,12,60,0.669,53.9,0
39.8,3,74,0.547,134.3,0
53.69,19,66,0.449,5.6,0
23.27,8,33,0.828,3.9,0
131.55,2,30,0.85,3.7,1
118.84,23,72,0.293,35.7,0
58.32,4,48,0.953,5.4,1
168.55,0,24,0.395,36.6,0
87.14,1,69,0.8,39.9,0
23.12,10,58,0.967,5.5,0
78.94,2,19,0.704,79.8,0
20.93,20,66,0.162,21.0,0
131.43,12,55,0.586,55.4,0
51.94,7,56,0.119,56.1,0
45.38,0,71,0.789,8.8,0
27.63,11,48,0.281,111.1,0
185.4,3,46,0.695,15.3,0
46.78,23,56,0.91,160.4,1
35.58,6,30,0.181,4.7,0
38.39,11,27,0.393,0.7,0
92.97,0,70,0.647,9.5,0
78.68,3,31,0.42,30.2,0
82.49,4,49,0.175,37.2,0
84.0,1,34,0.029,51.9,1
464.82,17,32,0.407,44.1,0
36.36,22,55,0.649,18.8,0
32.71,23,67,0.574,61.3,0
24.2,6,45,0.156,3.4,0
101.09,18,26,0.451,1.7,0
168.84,12,33,0.369,6.7,0
48.72,1,28,0.274,6.9,0
23.57,2,72,0.729,24.2,0
23.94,13,37,0.31,45.7,0
104.65,10,41,0.54,189.2,1
114.81,0,22,0.923,12.9,0
93.99,22,45,0.539,45.1,0
28.06,17,74,0.617,7.8,0
68.87,12,43,0.073,2.7,0
61.36,23,58,0.178,1.5,0
67.94,23,29,0.101,64.6,0
130.51,23,26,0.765,196.6,1
68.28,6,63,0.836,135.1,0
107.65,21,22,0.186,28.5,0
58.42,12,45,0.219,2.3,0
72.9,17,37,0.323,9.2,0
102.65,20,19,0.591,79.4,0
12.72,3,50,0.622,12.4,0
39.66,10,77,0.687,43.8,0
34.11,3,22,0.905,18.1,1
28.82,6,68,0.295,35.6,0
41.47,9,51,0.659,81.4,0
243.46,20,62,0.56,29.0,0
22.97,20,23,0.306,244.3,0
143.78,9,71,0.907,23.0,0
10.15,7,18,0.095,22.2,0
39.06,12,74,0.712,33.3,0
64.25,21,58,0.728,3.0,0
98.12,23,38,0.915,81.6,1
111.19,5,18,0.519,23.8,0
120.7,4,55,0.322,59.6,0
38.52,16,23,0.828,38.4,1
34.39,7,55,0.771,44.0,0
128.76,4,65,0.5,49.2,0
45.09,0,34,0.768,14.4,0
15.25,9,32,0.268,79.9,0
17.58,9,31,0.59,0.0,0
21.77,13,31,0.865,3.7,0
89.76,4,25,0.318,66.5,0
62.96,17,33,0.484,136.5,0
108.91,16,58,0.951,14.4,1
35.61,11,36,0.798,7.7,0
63.98,4,66,0.887,33.1,0
102.06,12,68,0.385,7.3,0
40.07,16,65,0.997,1.3,0
86.21,8,51,0.153,33.8,0
28.16,6,37,0.519,5.4,0
37.98,12,75,0.479,46.8,0
37.27,8,30,0.798,22.8,0
16.51,9,46,0.909,132.3,1
88.85,8,46,0.731,41.3,0
34.14,7,64,0.627,61.5,0
55.28,17,51,0.427,31.4,0
88.3,11,67,0.51,52.1,0
85.33,11,74,0.509,82.8,0
106.21,15,42,0.02,33.8,0
49.48,8,72,0.503,33.7,0
35.76,2,28,0.856,8.8,1
50.41,20,74,0.709,1.3,0
10.1,1,29,0.796,16.1,0
12.84,13,70,0.39,36.6,0
14.55,6,42,0.529,72.7,0
20.14,5,77,0.033,33.7,0
81.43,1,26,0.383,139.5,1
22.08,21,46,0.474,48.9,0
37.41,10,73,0.255,88.2,0
200.18,8,20,0.031,282.2,0
38.23,17,34,0.69,117.5,0
114.15,0,23,0.435,149.3,0
21.46,13,37,0.416,26.7,0
44.46,11,42,0.25,8.8,0
21.11,13,56,0.538,21.6,0
38.9,2,33,0.438,4.2,0
126.51,22,27,0.474,6.1,0
9.71,5,28,0.581,1.1,0
84.3,16,76,0.006,0.1,0
69.25,17,77,0.908,115.8,0
30.14,8,31,0.071,174.2,0
12.86,3,30,0.451,56.0,0
58.68,7,21,0.207,43.1,0
32.15,19,77,0.524,33.8,0
68.9,21,61,0.28,182.1,1
55.8,22,65,0.86,19.4,0
270.91,5,36,0.396,76.1,1
42.98,14,57,0.639,13.7,0
19.62,3,21,0.249,14.0,0
65.32,17,59,0.019,61.5,0
68.03,9,53,0.404,72.5,0
212.55,17,38,0.536,6.2,0
125.85,16,62,0.46,53.6,0
78.01,23,58,0.962,50.5,1
235.88,11,45,0.707,10.8,0
16.63,8,29,0.996,128.0,1
28.8,12,19,0.295,33.9,0
21.62,3,76,0.789,21.1,0
36.97,2,35,0.556,20.6,0
13.78,12,36,0.612,21.4,0
103.04,19,60,0.986,2.5,1
43.72,12,33,0.654,69.8,0
12.54,18,41,0.899,148.0,0
19.78,4,62,0.726,107.5,1
74.7,10,54,0.127,23.1,0
126.23,14,58,0.699,63.1,1
402.11,8,18,0.484,20.6,0
1006.13,0,45,0.919,8.0,1
82.63,1,47,0.807,22.8,1
20.3,22,57,0.104,23.4,0
6.48,14,27,0.134,9.8,0
71.36,6,27,0.07,25.1,0
24.22,6,65,0.493,30.0,0
36.04,0,59,0.081,14.8,0
29.6,22,68,0.724,2.7,0
47.43,2,34,0.552,12.6,0
158.54,18,79,0.836,102.7,0
63.88,5,34,0.28,40.8,0
46.59,8,58,0.519,18.9,0
19.38,6,28,0.117,14.8,0
10.23,19,74,0.885,51.0,0
33.57,0,38,0.175,10.0,0
51.74,8,67,0.102,12.2,0
319.87,6,38,0.205,88.2,0
62.19,6,67,0.806,28.5,0
145.87,4,46,0.106,8.5,0
33.14,21,21,0.614,1.4,0
16.69,9,29,0.746,168.1,1
20.8,10,60,0.751,0.1,0
26.44,9,29,0.19,36.2,0
458.73,23,35,0.062,50.8,0
24.01,8,51,0.449,38.8,0
126.28,8,33,0.202,23.5,0
22.13,7,25,0.699,92.2,0
138.6,7,56,0.357,102.5,0
80.23,2,60,0.449,24.7,0
46.68,14,63,0.113,34.0,0
52.42,0,76,0.568,34.4,0
28.37,5,25,0.186,53.3,0
85.29,4,44,0.679,10.5,1
34.64,6,32,0.071,3.1,0
16.03,18,73,0.976,25.8,0
15.21,14,51,0.685,5.3,0
64.88,23,24,0.182,30.1,0
264.83,8,60,0.014,75.3,0
64.07,22,20,0.334,29.0,0
48.49,1,34,0.153,36.0,0
72.66,12,62,0.218,42.6,0
201.54,19,49,0.873,63.8,1
67.99,12,65,0.603,39.7,0
36.2,22,53,0.176,26.0,0
165.06,7,70,0.557,25.0,0
83.83,0,52,0.256,9.7,0
253.6,18,21,0.976,25.6,1
65.58,1,22,0.033,66.6,0
16.05,18,66,0.732,23.4,0
13.9,17,20,0.773,20.4,0
284.56,20,41,0.067,37.3,0
306.02,11,18,0.172,8.3,1
45.63,21,36,0.384,4.2,0
37.22,4,54,0.868,58.5,0
235.44,10,28,0.537,15.4,0
18.05,2,46,0.655,13.7,0
22.32,18,79,0.783,92.7,0
103.89,17,22,0.828,108.7,0
36.8,19,21,0.476,31.6,0
54.32,18,34,0.509,44.7,0
46.37,7,69,0.718,152.0,0
76.52,1,43,0.263,22.9,0
223.07,22,57,0.854,88.9,0
59.77,11,20,0.021,59.2,0
103.95,2,63,0.196,134.8,1
7.03,22,22,0.8,11.5,0
52.0,23,62,0.34,73.6,0
23.49,10,27,0.15,7.7,0
16.14,18,71,0.187,73.4,0
22.69,0,36,0.531,17.3,0
39.09,2,29,0.846,2.6,0
136.44,6,38,0.071,78.9,0
14.49,15,18,0.03,2.4,0
56.3,3,28,0.465,83.5,1
33.64,0,55,0.956,9.6,0
39.34,16,36,0.279,37.2,0
148.82,18,39,0.959,1.5,0
93.51,17,68,0.888,3.5,0
207.97,19,25,0.283,13.2,0
46.78,19,42,0.817,20.1,0
27.22,14,29,0.686,8.6,0
43.65,12,47,0.512,5.3,0
69.58,20,38,0.423,6.9,0
65.14,8,20,0.816,29.8,0
18.46,2,22,0.793,2.7,0
59.77,18,70,0.757,107.9,1
68.6,6,21,0.998,110.5,1
676.87,23,66,0.479,2.9,1
356.68,9,74,0.807,55.1,0
23.26,20,46,0.862,51.3,0
40.96,1,37,0.212,36.1,0
12.64,15,66,0.042,12.8,0
30.24,10,78,0.405,36.2,0
74.86,11,25,0.857,85.5,1
182.34,6,77,0.289,15.3,0
26.34,23,76,0.7,69.9,0
28.38,9,26,0.007,27.7,0
6.38,20,21,0.355,99.0,0
46.4,10,62,0.616,42.7,0
18.87,1,22,0.13,77.5,0
32.15,21,55,0.897,134.9,1
22.72,4,22,0.156,25.2,0
49.69,6,60,0.91,50.2,1
9.41,20,32,0.216,157.8,0
12.59,21,23,0.994,248.0,1
459.09,22,22,0.605,36.9,0
15.07,10,29,0.084,127.7,0
18.23,18,51,0.065,20.4,0
342.72,7,22,0.075,22.9,0
997.32,17,67,0.59,123.5,1
16.92,12,55,0.81,44.4,0
37.78,1,36,0.403,79.7,0
76.83,10,79,0.445,20.6,0
307.57,11,58,0.589,73.2,1
20.35,6,59,0.533,85.8,0
42.72,8,28,0.688,22.1,0
118.79,12,62,0.472,32.2,0
84.33,1,52,0.714,18.2,0
37.48,3,79,0.997,97.6,0
47.76,18,47,0.35,53.9,0
13.81,8,60,0.012,8.1,0
43.03,14,39,0.126,139.3,0
41.83,13,20,0.554,47.5,0
68.87,13,25,0.344,22.4,0
31.33,9,71,0.94,44.2,0
87.49,11,63,0.627,10.8,0
150.31,19,40,0.52,17.0,0
63.78,23,61,0.798,87.5,1
77.61,6,18,0.259,16.8,0
57.58,16,20,0.82,175.8,1
54.6,23,49,0.003,12.1,0
26.53,0,56,0.62,100.6,1
74.93,18,76,0.935,102.2,1
49.54,11,65,0.788,57.4,0
442.82,23,33,0.854,11.6,1
263.32,13,68,0.397,21.2,0
80.31,20,48,0.824,33.5,0
25.46,3,69,0.551,68.5,1
17.95,3,28,0.619,180.7,1
179.67,22,19,0.059,51.7,0
71.0,12,21,0.202,54.4,0
88.25,13,79,0.551,70.2,0
9.54,4,22,0.059,27.7,0
138.03,5,76,0.741,11.6,0
86.01,19,63,0.84,107.0,1
17.99,7,27,0.92,189.2,1
34.07,14,71,0.102,78.5,0
71.07,7,26,0.94,15.0,1
57.54,6,26,0.068,47.0,0
40.77,3,53,0.474,53.7,0
49.23,22,35,0.84,25.5,0
42.44,22,36,0.07,51.5,0
63.6,2,30,0.018,165.8,0
237.81,8,55,0.025,32.1,0
4.19,13,19,0.511,35.3,0
43.08,9,33,0.812,54.4,0
65.14,17,52,0.127,33.2,0
73.41,6,48,0.125,87.4,0
37.64,1,61,0.569,25.5,0
9.42,8,31,0.234,48.3,0
75.79,14,58,0.73,73.6,0
307.15,4,65,0.95,12.8,1
11.78,19,42,0.766,35.1,0
129.52,0,33,0.877,30.9,1
39.31,1,52,0.52,28.0,0
51.35,12,53,0.832,23.9,0
19.05,12,23,0.183,9.3,0
39.08,7,53,0.068,58.7,0
200.35,6,27,0.656,5.4,0
97.77,1,53,0.052,105.6,0
308.68,15,75,0.892,20.3,0
177.22,9,51,0.692,17.3,0
84.7,2,65,0.952,19.5,1
312.29,9,37,0.314,119.9,1
84.69,22,75,0.486,20.9,0
124.96,6,68,0.742,40.0,0
40.59,21,74,0.243,6.1,0
58.36,6,63,0.542,91.5,0
27.18,4,58,0.659,108.3,1
146.88,6,50,0.979,2.0,0
16.81,7,75,0.745,18.3,0
119.38,2,70,0.118,9.3,0
45.12,14,43,0.475,189.8,1
176.13,8,23,0.589,12.4,1
115.68,17,18,0.147,68.2,1
337.19,11,32,0.432,78.4,0
113.38,10,21,0.284,133.0,0
11.34,11,31,0.119,23.0,0
51.06,3,24,0.512,6.2,0
16.91,17,78,0.166,4.2,0
32.52,2,23,0.591,46.4,0
247.45,17,56,0.17,59.8,0
103.29,23,39,0.724,25.5,1
27.14,18,28,0.195,50.5,0
19.81,10,61,0.896,39.6,0
56.42,7,78,0.026,28.7,0
16.17,20,67,0.522,56.3,0
27.91,6,78,0.32,6.2,0
74.59,11,54,0.225,9.8,0
173.35,18,59,0.472,60.8,0
100.36,22,27,0.842,208.1,1
5.52,22,70,0.915,52.3,0
74.02,2,64,0.303,28.7,0
58.68,21,33,0.154,73.7,0
82.59,2,39,0.72,216.6,1
274.85,14,55,0.582,19.9,0
6.94,22,18,0.201,20.0,0
30.23,15,68,0.76,0.3,0
98.58,22,35,0.519,23.8,0
11.23,8,22,0.653,5.1,0
238.88,7,38,0.359,119.0,0
78.91,7,69,0.439,153.7,0
127.3,8,35,0.18,7.5,0
30.85,16,51,0.757,210.3,0
123.19,10,68,0.157,37.0,0
158.93,17,20,0.778,1.0,0
68.92,9,65,0.798,136.9,0
69.02,7,35,0.747,24.1,0
71.55,4,61,0.019,91.0,0
23.03,13,29,0.273,23.1,0
47.11,21,26,0.468,13.6,0
46.87,20,66,0.596,42.3,0
80.11,6,68,0.919,8.4,0
148.39,11,78,0.376,73.9,0
18.94,16,59,0.875,87.9,0
48.18,14,46,0.163,12.5,0
240.2,1,30,0.371,69.3,1
25.96,14,36,0.052,61.1,0
23.99,0,58,0.742,159.9,1
66.84,2,39,0.151,5.5,0
127.03,15,47,0.257,9.8,0
55.23,2,28,0.775,23.4,1
206.22,8,45,0.535,11.0,0
128.61,14,32,0.014,26.2,0
126.7,15,24,0.002,4.4,0
95.02,10,26,0.511,75.9,0
559.84,2,50,0.305,60.3,1
44.47,19,40,0.18,32.1,0
7.36,22,24,0.614,142.4,0
271.58,21,49,0.228,260.5,1
34.55,17,28,0.592,26.9,0
60.82,9,18,0.379,139.0,0
202.26,21,26,0.187,29.1,0
11.0,11,45,0.138,84.5,0
15.62,3,77,0.237,89.3,0
11.01,20,32,0.03,21.9,0
24.68,7,35,0.308,54.5,0
84.74,22,33,0.902,24.4,0
92.22,8,40,0.831,73.1,0
71.97,20,62,0.372,26.4,0
13.29,12,37,0.576,8.1,0
5.42,11,58,0.567,89.9,0
57.65,7,73,0.829,73.5,1
34.06,20,76,0.236,86.3,0
86.43,1,52,0.296,65.4,0
110.16,11,62,0.302,86.9,0
62.69,8,74,0.041,12.1,0
116.76,13,66,0.315,76.2,0
68.66,6,36,0.878,13.1,0
92.76,15,26,0.912,50.1,0
26.99,9,25,0.11,52.1,0
45.62,4,72,0.458,21.4,0
66.47,4,52,0.381,53.5,0
124.03,16,36,0.489,75.8,0
36.83,6,39,0.555,38.8,0
91.94,7,35,0.02,7.0,0
41.85,15,67,0.842,15.9,0
48.54,7,55,0.974,78.9,1
125.15,9,72,0.653,32.6,0
7.44,5,36,0.66,25.2,0
14.93,8,47,0.528,123.8,0
12.4,16,25,0.334,28.1,0
5.29,12,78,0.149,181.7,0
27.71,23,49,0.584,61.3,0
115.52,18,52,0.045,107.7,0
41.06,0,43,0.825,29.9,0
66.54,9,34,0.421,91.8,0
162.26,6,76,0.415,17.1,0
205.96,14,48,0.327,19.8,0
50.95,6,59,0.969,68.5,0
211.36,23,20,0.175,7.2,0
59.87,7,35,0.151,23.9,0
23.63,12,67,0.166,60.1,0
30.13,2,23,0.659,148.6,1
12.42,21,24,0.992,14.7,0
22.46,21,68,0.235,95.8,0
38.17,19,37,0.906,38.0,0
121.95,8,34,0.279,230.6,1
305.14,1,53,0.648,114.8,1
13.71,17,30,0.04,44.9,0
80.87,10,20,0.496,81.3,0
19.29,23,18,0.655,2.0,0
87.77,16,22,0.536,103.1,1
47.89,12,27,0.238,18.8,0
8.75,23,61,0.828,76.7,1
138.14,19,36,0.97,45.3,1
29.81,11,22,0.459,22.3,0
32.01,0,18,0.636,136.7,1
18.73,2,47,0.79,1.2,0
28.38,10,70,0.241,28.6,0
83.75,13,38,0.864,21.2,0
45.18,0,21,0.28,14.7,0
75.84,3,32,0.776,47.9,1
78.41,16,48,0.112,47.8,0
204.52,18,29,0.288,41.9,0
38.75,0,78,0.534,57.3,0
12.47,12,65,0.525,17.0,0
158.73,1,39,0.85,162.5,1
39.19,17,76,0.996,3.3,0
166.43,20,38,0.107,135.4,0
80.11,20,26,0.271,3.7,0
47.89,14,76,0.358,21.9,0
77.38,15,77,0.479,34.4,0
384.14,22,37,0.494,11.4,0
435.71,14,54,0.856,30.3,1
58.52,10,28,0.771,27.1,0
64.08,18,57,0.019,63.3,0
160.17,14,60,0.455,24.6,0
23.44,20,62,0.618,32.2,0
76.18,12,53,0.46,20.0,0
53.2,20,61,0.131,226.0,0
74.73,1,52,0.397,12.9,0
23.73,0,68,0.412,32.1,0
11.14,2,29,0.188,49.6,0
6.87,13,47,0.756,23.7,0
17.86,17,43,0.321,1.3,0
34.51,5,51,0.589,43.6,0
40.72,3,26,0.516,31.7,0
378.88,20,38,0.877,0.9,0
165.01,18,77,0.122,42.8,0
20.86,15,24,0.114,15.6,0
77.3,11,57,0.3,66.2,0
36.34,10,59,0.431,2.3,0
41.08,0,47,0.299,28.6,0
65.71,4,20,0.763,16.4,1
101.41,21,20,0.245,3.1,0
38.89,8,35,0.085,108.3,1
158.2,16,24,0.414,32.2,0
17.43,16,23,0.773,23.0,0
54.95,7,27,0.851,78.5,1
733.39,4,29,0.733,30.4,1
68.24,16,69,0.558,53.7,0
228.88,2,57,0.724,31.8,1
59.83,11,19,0.681,27.9,0
97.59,21,56,0.234,55.3,0
51.58,17,26,0.551,1.7,0
46.04,18,44,0.771,31.1,0
25.04,1,20,0.317,158.9,1
83.96,4,23,0.654,7.1,0
23.3,6,26,0.481,87.9,0
106.23,7,44,0.503,13.6,0
161.63,4,46,0.09,106.0,1
78.77,23,39,0.666,8.5,0
41.01,3,56,0.866,24.4,0
85.97,16,62,0.141,44.6,0
40.1,14,63,0.366,198.3,1
139.15,14,53,0.049,14.8,0
8.75,5,51,0.03,72.0,0
39.03,7,48,0.99,23.4,0
7.46,14,32,0.493,81.6,0
12.24,7,48,0.356,52.9,0
213.55,16,18,0.275,4.3,0
133.64,0,77,0.98,39.3,1
26.59,1,40,0.252,7.8,0
12.15,17,64,0.726,17.1,0
2.82,14,77,0.284,42.8,0
31.71,1,48,0.07,10.8,0
614.26,21,71,0.683,135.8,1
84.34,0,47,0.002,29.9,0
31.2,22,26,0.676,38.1,0
86.93,17,19,0.25,40.0,0
11.46,23,26,0.746,25.1,0
40.56,22,76,0.77,22.2,0
60.31,7,47,0.724,50.3,0
50.09,18,37,0.024,99.8,0
120.4,5,45,0.704,69.5,1
77.06,11,33,0.99,10.3,0
106.52,5,71,0.243,111.7,1
27.43,11,79,0.274,62.2,0
134.0,20,23,0.814,108.6,1
278.37,10,62,0.16,21.4,0
20.69,2,38,0.661,111.3,1
22.47,7,20,0.755,11.5,0
207.64,18,75,0.037,81.1,0
45.09,12,21,0.554,30.8,0
222.25,13,30,0.576,0.2,1
35.07,10,19,0.303,134.3,0
233.94,7,47,0.876,114.3,1
62.27,14,55,0.163,11.7,0
70.68,15,37,0.364,18.5,0
261.05,21,22,0.849,72.1,1
38.02,14,25,0.191,71.5,0
21.3,23,75,0.821,65.6,1
34.86,19,67,0.079,3.8,0
85.83,1,76,0.489,11.3,0
11.41,9,50,0.075,6.6,0
103.28,9,51,0.678,35.7,0
31.86,0,66,0.791,1.3,0
172.05,4,56,0.85,6.5,1
4.98,18,45,0.981,44.6,0
24.86,8,36,0.672,7.8,0
10.11,3,48,0.769,64.4,0
23.9,6,21,0.506,5.6,0
69.94,6,29,0.913,120.3,1
45.64,4,63,0.644,13.0,0
42.38,2,71,0.884,14.8,0
46.56,18,24,0.235,0.3,0
66.91,19,24,0.497,68.7,0
19.91,11,23,0.73,31.2,0
110.7,14,67,0.203,221.6,1
105.92,22,37,0.211,6.6,0
80.24,20,38,0.978,96.0,1
95.25,0,18,0.435,10.2,0
73.44,22,78,0.182,48.9,0
417.83,1,44,0.331,18.9,1
50.04,0,67,0.397,34.0,0
40.16,9,61,0.623,7.1,0
25.7,17,26,0.923,53.3,1
19.45,1,67,0.987,26.4,0
15.73,7,52,0.652,0.2,0
22.45,6,55,0.7,16.6,0
50.87,9,30,0.322,0.2,0
76.27,23,70,0.857,8.6,0
57.46,7,75,0.218,86.6,0
25.39,5,43,0.106,20.2,0
134.31,2,23,0.973,66.3,0
114.37,4,70,0.864,72.6,1
46.54,3,73,0.304,1.2,0
28.42,13,49,0.675,138.1,0
94.48,10,53,0.467,24.4,0
65.89,11,31,0.323,78.4,0
12.83,19,22,0.287,24.2,0
51.01,13,76,0.136,21.3,0
70.95,3,47,0.549,71.5,1
22.2,9,35,0.447,131.7,0
66.01,7,60,0.512,40.2,0
12.75,19,19,0.215,1.2,0
207.72,7,22,0.939,34.0,1
190.18,3,33,0.639,16.8,1
42.41,17,45,0.9,38.5,0
78.53,10,40,0.109,26.1,0
4.9,2,29,0.623,13.1,0
17.18,16,39,0.849,2.4,0
40.7,5,38,0.331,0.9,0
18.69,20,50,0.195,60.4,0
111.54,19,52,0.265,22.3,0
402.34,8,72,0.273,133.1,1
16.83,13,68,0.447,161.0,0
23.63,13,36,0.326,65.3,0
69.09,15,73,0.271,43.2,0
273.45,1,50,0.649,15.5,1
16.08,7,29,0.053,29.0,0
70.04,4,39,0.34,40.5,1
337.41,16,63,0.69,107.3,1
10.47,1,68,0.176,50.6,0
15.16,12,41,0.221,14.4,0
35.74,17,27,0.201,24.9,0
32.44,22,29,0.001,163.1,0
123.05,6,24,0.474,12.4,0
69.52,0,61,0.039,68.8,0
9.25,17,49,0.273,8.5,0
91.42,0,45,0.995,9.8,1
30.64,1,59,0.918,113.8,1
195.28,23,69,0.215,30.4,0
29.15,20,67,0.31,32.9,0
28.89,16,26,0.464,19.9,0
93.8,20,54,0.844,23.6,0
117.09,1,72,0.803,29.3,1
85.46,2,65,0.126,12.7,0
10.12,7,38,0.124,10.8,0
93.51,0,42,0.417,77.0,1
19.41,21,73,0.87,19.7,0
69.08,1,20,0.882,31.2,1
13.15,13,50,0.107,159.1,0
85.31,20,25,0.574,1.6,0
24.37,17,73,0.156,15.5,0
15.14,5,20,0.686,36.3,0
111.48,11,19,0.916,102.4,1
69.52,13,38,0.455,78.0,0
29.55,18,30,0.083,107.4,0
233.03,10,48,0.579,16.2,0
35.14,6,36,0.409,39.2,0
56.38,19,40,0.811,129.8,1
71.44,21,53,0.34,90.9,0
29.38,11,52,0.875,34.6,0
87.46,0,75,0.274,4.5,0
32.03,12,47,0.158,43.6,0
36.17,21,52,0.306,0.9,0
213.29,23,60,0.035,83.3,1
19.29,9,28,0.281,134.5,0
4.89,3,59,0.66,68.4,0
273.4,13,71,0.142,15.8,0
698.77,19,37,0.111,32.9,0
36.41,22,29,0.132,36.2,0
7.87,1,39,0.078,21.5,0
40.03,6,35,0.875,102.7,1
41.01,11,54,0.944,21.4,0
45.15,2,71,0.047,96.8,0
17.93,21,54,0.76,39.7,0
97.47,2,25,0.737,6.7,0
92.25,15,37,0.997,108.6,0
12.25,22,60,0.348,34.5,0
109.86,16,38,0.286,5.2,0
425.25,18,54,0.453,108.6,0
64.84,6,61,0.857,74.8,0
38.97,19,38,0.729,16.1,0
47.37,10,58,0.472,27.3,0
101.01,1,42,0.245,125.0,1
9.67,8,26,0.727,20.9,0
64.35,8,41,0.855,42.6,0
36.95,12,45,0.4,79.8,0
346.48,6,18,0.669,22.4,0
45.87,11,73,0.4,98.7,0
289.42,10,50,0.478,60.1,0
18.11,7,20,0.525,40.2,0
98.22,16,71,0.776,34.5,0
75.14,7,71,0.978,93.2,0
22.9,18,18,0.444,68.4,0
65.2,6,28,0.342,32.4,0
183.56,20,40,0.374,20.8,0
39.5,8,49,0.134,24.0,0
10.05,0,62,0.297,49.2,0
53.65,3,44,0.086,1.4,0
22.14,19,55,0.428,8.8,0
38.77,20,18,0.167,137.2,0
50.32,5,58,0.346,76.5,0
9.92,14,74,0.794,70.4,0
10.85,13,50,0.246,38.8,0
88.42,3,46,0.612,15.9,1
32.37,10,36,0.901,45.1,0
4.2,16,77,0.567,1.8,0
119.68,23,20,0.194,34.7,0
71.69,20,35,0.345,0.7,0
26.74,2,26,0.59,23.5,0
14.63,5,71,0.507,210.9,1
125.94,10,47,0.149,19.7,0
77.43,3,75,0.447,58.8,1
591.46,13,59,0.543,25.7,0
83.11,0,52,0.267,2.0,0
80.46,2,50,0.612,0.3,0
46.2,1,30,0.07,8.1,0
123.57,7,52,0.337,12.6,0
102.01,18,60,0.804,25.1,0
190.9,4,77,0.259,14.1,0
32.42,23,52,0.605,37.8,0
35.33,6,76,0.41,75.2,0
33.81,1,76,0.316,1.5,0
120.4,8,50,0.916,7.4,0
244.29,17,45,0.343,143.5,1
34.51,2,26,0.237,64.6,0
35.7,1,34,0.909,9.1,0
74.74,20,72,0.746,3.9,0
42.7,14,26,0.682,96.3,0
141.47,8,42,0.05,119.0,0
5.74,18,61,0.131,37.2,0
23.89,20,32,0.638,38.9,0
24.97,8,78,0.209,4.4,0
5.36,13,58,0.226,33.8,0
20.83,0,19,0.779,40.3,0
21.86,7,33,0.286,138.4,1
44.65,14,63,0.072,9.4,0
166.16,4,71,0.036,21.4,0
42.73,23,75,0.443,32.3,0
19.48,23,70,0.617,9.2,0
51.58,6,22,0.869,77.0,0
155.89,9,63,0.111,17.4,0
20.57,4,24,0.197,17.1,0
21.96,12,22,0.53,78.4,0
95.44,2,60,0.364,4.9,0
43.75,9,47,0.483,39.0,0
104.32,13,58,0.924,17.8,0
53.86,14,70,0.545,25.4,0
110.13,14,22,0.415,33.0,0
19.39,5,50,0.989,65.6,1
53.94,19,69,0.065,47.3,0
44.23,16,45,0.932,52.1,0
16.19,18,50,0.502,43.9,0
11.43,11,48,0.504,33.1,0
108.39,21,74,0.922,98.5,0
38.44,9,21,0.507,3.2,0
19.64,19,72,0.438,54.7,0
49.59,4,68,0.272,33.6,0
168.68,5,68,0.659,10.0,0
5.58,12,43,0.57,134.3,0
12.22,13,49,0.214,96.5,0
21.7,17,40,0.709,98.3,1
235.37,7,33,0.644,20.4,0
72.43,20,72,0.397,44.0,0
117.6,7,49,0.004,60.1,0
17.46,12,62,0.447,40.0,0
17.82,22,24,0.006,50.0,0
85.44,12,66,0.075,49.2,0
57.87,16,58,0.431,28.7,0
94.51,21,79,0.082,21.0,0
45.26,23,26,0.276,21.0,0
72.11,11,51,0.655,8.4,0
63.95,10,49,0.309,86.9,0
118.84,4,51,0.998,143.9,1
122.36,12,21,0.916,35.6,0
10.81,22,47,0.585,38.1,0
5.77,11,36,0.967,250.7,1
148.67,8,56,0.868,94.6,0
179.06,2,32,0.319,73.7,0
19.68,9,44,0.75,13.8,0
8.5,5,56,0.137,76.3,0
60.28,23,21,0.685,5.2,1
138.5,12,66,0.491,12.2,0
329.51,3,62,0.017,39.9,0
91.5,1,21,0.274,19.5,0
37.65,20,22,0.955,27.1,0
22.35,22,70,0.316,22.5,0
55.23,18,35,0.181,57.5,0
40.48,2,71,0.188,23.5,0
19.79,2,48,0.479,28.7,0
423.59,4,39,0.843,113.8,1
325.44,18,34,0.758,98.7,0
170.04,18,58,0.437,3.1,0
21.74,20,24,0.209,15.3,0
128.38,2,42,0.046,105.5,0
103.51,3,39,0.463,1.8,1
84.99,21,27,0.815,11.7,0
190.5,22,39,0.73,48.0,0
103.07,17,50,0.409,45.0,0
114.44,2,60,0.595,31.2,0
103.22,1,23,0.436,28.7,0
76.77,1,72,0.579,58.7,1
9.17,16,72,0.518,65.8,0
59.36,20,60,0.681,83.0,1
31.31,15,75,0.508,34.6,0
15.18,6,44,0.941,8.9,0
293.48,18,68,0.428,44.8,0
307.66,1,63,0.016,67.6,1
212.56,19,52,0.236,175.7,1
70.47,21,29,0.501,34.8,0
210.74,17,52,0.541,21.6,0
55.26,21,73,0.552,112.3,0
66.87,14,79,0.715,2.4,0
18.29,11,45,0.275,23.2,0
81.21,7,33,0.665,47.1,0
58.0,22,64,0.704,17.4,0
14.84,16,22,0.411,99.2,0
51.87,4,27,0.402,47.8,0
50.41,22,52,0.179,188.8,1
329.49,1,79,0.414,29.9,0
133.51,14,38,0.787,11.2,0
55.23,4,45,0.909,103.5,1
70.02,15,37,0.594,32.7,0
57.07,9,45,0.299,77.7,0
44.57,10,18,0.682,35.7,0
18.5,16,54,0.74,6.8,0
46.94,18,54,0.332,6.5,0
25.89,9,37,0.827,20.1,0
15.64,23,34,0.074,6.5,0
91.03,11,65,0.011,3.8,0
80.74,3,29,0.123,149.7,0
9.15,0,20,0.156,12.8,0
48.29,4,20,0.879,40.7,1
147.78,16,72,0.425,1.6,0
157.47,12,40,0.275,26.3,0
152.3,8,24,0.429,12.9,0
56.76,11,72,0.395,27.6,0
23.45,20,27,0.301,101.2,0
18.47,13,38,0.138,20.1,0
77.06,1,19,0.656,57.5,1
79.78,1,60,0.137,15.9,0
197.81,11,61,0.775,61.7,0
164.02,9,64,0.202,7.7,0
47.84,20,34,0.731,59.9,0
15.73,13,38,0.806,66.6,0
39.68,18,76,0.125,2.3,0
67.85,14,68,0.087,1.7,0
44.61,8,20,0.95,50.1,0
30.63,15,60,0.463,20.2,0
70.31,14,68,0.63,99.7,0
32.98,17,52,0.023,242.8,0
29.13,4,57,0.279,38.8,1
74.55,15,18,0.505,47.3,0
36.53,6,19,0.886,16.1,0
69.69,18,20,0.271,172.4,0
71.75,19,27,0.775,47.9,0
17.47,14,79,0.662,34.9,0
33.74,22,57,0.115,31.8,0
229.93,12,66,0.293,4.4,0
17.08,0,36,0.238,55.9,0
6.58,14,76,0.443,9.2,0
8.48,18,30,0.635,10.0,0
56.21,2,73,0.433,59.0,0
56.31,2,19,0.245,3.5,0
48.54,6,19,0.696,37.0,0
183.86,20,22,0.584,44.5,0
3.77,12,67,0.519,4.2,0
81.12,23,33,0.554,15.7,0
260.2,20,45,0.222,74.0,0
17.68,13,47,0.68,41.6,0
37.34,16,66,0.388,23.2,0
25.72,7,39,0.363,11.9,0
22.32,2,18,0.15,43.8,0
39.4,9,41,0.597,20.6,0
227.58,14,35,0.603,30.6,0
342.88,4,63,0.34,53.9,1
39.02,5,64,0.86,96.3,1
366.89,0,23,0.845,196.1,1
56.58,17,67,0.109,70.0,0
315.35,21,22,0.695,55.4,1
49.73,19,56,0.394,192.0,1
62.24,9,42,1.0,17.0,0
78.69,14,36,0.225,35.9,0
1311.4,23,47,0.281,32.1,1
127.9,14,37,0.442,51.2,0
26.92,7,67,0.269,56.4,0
143.88,8,77,0.692,157.2,1
38.02,17,68,0.481,9.9,1
33.46,10,45,0.221,40.0,0
135.45,20,49,0.506,23.3,0
56.32,20,45,0.889,9.7,0
72.14,0,67,0.792,8.2,0
55.37,17,52,0.499,19.0,0
76.45,8,47,0.288,20.9,0
83.51,12,43,0.18,115.0,0
7.87,6,41,0.878,23.5,0
106.33,8,52,0.71,43.3,0
20.45,7,60,0.572,53.5,0
12.91,1,44,0.879,45.9,0
51.5,18,68,0.122,27.5,0
59.38,3,69,0.682,118.5,1
27.29,9,44,0.217,106.0,0
125.34,4,74,0.121,39.7,1
14.27,3,28,0.466,4.4,0
36.34,8,75,0.387,28.6,0
30.42,22,36,0.941,19.8,1
52.11,22,52,0.324,35.9,0
72.16,9,35,0.815,29.6,0
19.93,12,45,0.749,37.7,0
112.65,23,39,0.668,51.9,1
58.15,5,61,0.92,55.8,1
8.23,22,23,0.408,53.0,0
7.7,2,69,0.39,66.6,0
53.93,5,74,0.161,79.5,0
43.77,8,52,0.276,28.1,0
49.23,0,51,0.88,135.7,1
53.09,19,61,0.474,162.1,0
68.41,20,30,0.341,17.4,0
140.84,9,64,0.216,115.3,0
17.97,20,31,0.485,53.0,0
16.91,18,59,0.717,46.5,0
18.3,19,36,0.287,10.1,0
72.89,19,64,0.758,45.3,0
189.61,13,67,0.63,28.2,0
35.47,2,30,0.788,267.4,1
4.47,22,56,0.251,84.5,0
9.93,14,48,0.631,39.4,0
23.74,21,36,0.154,84.2,0
31.26,23,54,0.364,31.6,0
36.29,4,79,0.724,4.6,0
56.75,9,18,0.632,120.5,1
39.97,4,77,0.188,44.9,0
155.92,1,71,0.858,19.8,1
27.77,23,50,0.053,61.3,1
23.05,22,55,0.595,104.7,0
88.14,22,40,0.984,77.1,1
11.76,21,26,0.532,27.3,0
80.62,15,53,0.801,4.8,0
60.49,12,68,0.595,102.7,1
47.11,23,32,0.783,34.2,1
267.27,13,62,0.656,1.8,0
29.31,15,64,0.691,9.6,0
428.5,5,65,0.228,2.7,0
43.58,17,39,0.742,58.1,0
15.23,19,42,0.238,111.6,0
58.55,16,43,0.981,66.0,0
18.61,11,70,0.228,11.3,0
25.75,4,73,0.237,133.9,0
81.21,0,43,0.859,10.2,0
95.16,15,78,0.243,96.0,0
29.31,16,53,0.361,43.1,0
146.56,18,41,0.715,0.2,0
173.73,22,18,0.159,11.6,0
229.59,11,55,0.159,5.7,0
92.7,19,57,0.486,43.6,0
213.46,17,78,0.244,73.5,0
8.32,6,62,0.236,56.4,0
39.73,20,19,0.009,104.6,0
22.94,1,53,0.37,53.8,0
61.51,14,64,0.318,10.0,0
30.83,22,48,0.031,65.0,0
46.24,15,44,0.621,46.1,0
358.59,22,68,0.627,32.5,0
46.08,1,55,0.071,98.3,0
82.58,12,60,0.317,222.6,1
43.28,18,46,0.873,24.2,0
58.89,15,35,0.582,36.3,0
54.93,21,50,0.412,50.9,0
85.48,11,77,0.465,68.7,1
175.09,16,55,0.208,65.3,0
283.55,10,61,0.812,4.7,1
74.41,20,25,0.914,0.0,0
98.45,2,79,0.911,49.7,1
17.27,6,33,0.224,8.0,0
50.01,2,78,0.311,21.0,0
139.81,16,45,0.161,44.5,0
129.8,5,74,0.307,7.8,0
67.47,7,73,0.333,84.5,0
132.48,20,64,0.633,42.7,0
89.19,8,74,0.19,3.2,0
181.33,3,55,0.919,0.8,1
72.92,0,70,0.103,17.1,0
38.26,5,28,0.007,19.8,0
76.39,21,22,0.855,44.7,0
2.91,13,51,0.704,8.4,0
80.07,23,68,0.355,39.5,0
1.42,5,65,0.595,37.2,0
9.74,8,50,0.224,31.7,0
85.78,3,50,0.168,132.7,0
88.02,9,55,0.471,39.4,0
17.07,13,71,0.353,0.1,0
26.79,19,70,0.615,46.7,0
214.98,8,24,0.218,5.7,0
33.65,18,54,0.663,21.0,0
514.36,15,41,0.767,25.1,0
54.49,7,67,0.167,24.0,0
82.11,21,49,0.044,12.2,0
275.03,10,79,0.44,70.9,0
62.24,3,44,0.774,43.6,1
20.04,23,60,0.651,28.7,0
48.92,21,24,0.702,104.4,1
52.69,1,75,0.403,38.2,0
13.95,21,27,0.235,37.1,0
42.27,22,41,0.532,19.8,0
25.99,19,69,0.204,41.6,0
137.6,6,77,0.726,18.6,0
56.52,15,48,0.197,53.0,0
41.15,12,48,0.291,23.1,0
49.1,14,21,0.507,30.8,0
68.25,14,78,0.487,71.2,0
101.17,15,19,0.601,2.4,0
20.09,12,19,0.437,12.1,0
19.27,16,47,0.919,48.1,0
164.79,12,18,0.84,7.6,1
36.15,0,28,0.879,37.6,1
13.24,0,56,0.63,66.8,0
85.1,22,61,0.635,10.8,0
86.78,21,36,0.609,8.0,0
11.81,14,67,0.435,48.0,0
68.68,4,55,0.322,18.1,0
113.93,18,32,0.592,1.9,0
79.39,3,62,0.026,18.0,0
102.72,9,54,0.007,16.5,0
13.41,7,68,0.852,49.5,0
76.02,0,27,0.046,134.5,0
40.34,19,32,0.525,26.8,0
33.69,12,36,0.615,29.3,0
130.39,7,39,0.198,20.1,0
239.67,12,73,0.896,12.1,0
328.45,0,63,0.19,120.0,1
203.33,10,51,0.885,15.2,0
48.92,12,51,0.763,132.0,1
77.69,8,72,0.241,20.6,0
117.55,19,45,0.151,306.6,1
61.63,5,31,0.316,17.7,0
62.23,3,26,0.398,9.3,0
124.43,12,38,0.246,197.4,1
51.46,21,58,0.999,66.2,0
26.33,9,47,0.23,70.7,0
36.07,1,44,0.831,169.0,0
102.92,23,47,0.159,48.4,0
54.76,10,78,0.98,15.4,0
76.72,4,79,0.226,30.7,0
106.71,14,28,0.422,8.0,0
37.53,7,25,0.559,46.7,0
116.31,22,33,0.12,28.5,0
79.75,7,70,0.817,6.6,0
15.88,13,46,0.275,29.1,0
230.97,13,71,0.549,13.4,0
33.09,5,58,0.55,75.9,0
10.43,11,52,0.603,29.7,0
19.2,2,35,0.055,56.8,0
19.67,15,39,0.169,46.1,0
57.52,18,27,0.161,12.4,0
41.52,22,50,0.302,107.3,0
38.98,7,35,0.145,8.3,0
101.46,6,36,0.922,17.5,0
76.7,13,20,0.513,1.3,0
74.89,16,67,0.624,51.3,0
82.26,23,76,0.357,7.8,0
101.1,0,48,0.276,69.5,0
6.63,5,51,0.503,21.6,0
37.92,6,75,0.294,19.5,0
6.17,6,49,0.344,3.5,0
56.6,11,56,0.453,98.7,0
54.35,20,44,0.506,184.0,1
155.33,0,49,0.984,17.7,1
179.04,19,50,0.223,20.1,0
66.87,14,62,0.488,45.5,0
33.1,14,55,0.15,35.6,0
88.69,16,49,0.35,131.5,0
32.2,2,22,0.717,43.7,1
54.52,17,74,0.174,164.7,0
146.37,5,73,0.581,100.4,1
31.26,12,29,0.417,27.8,0
122.2,16,36,0.052,27.2,0
107.49,14,78,0.933,70.6,0
21.01,7,37,0.414,85.6,0
144.59,9,68,0.784,38.9,1
109.79,11,66,0.416,0.7,0
60.46,0,71,0.937,56.1,1
25.47,17,18,0.29,86.5,0
23.12,2,47,0.412,7.8,0
31.89,11,53,0.759,80.1,0
93.93,15,69,0.344,22.7,0
21.0,1,31,0.364,18.6,0
84.56,23,37,0.995,40.2,1
15.77,9,29,0.556,71.3,0
44.52,0,65,0.689,25.0,0
60.93,15,79,0.643,28.3,0
629.63,13,26,0.828,45.6,0
13.77,15,32,0.862,160.2,0
237.94,18,37,0.563,17.3,0
63.42,11,73,0.295,10.8,0
82.37,19,45,0.023,44.5,0
61.46,8,35,0.614,29.5,0
85.18,13,37,0.825,22.3,1
46.82,3,55,0.451,71.0,1
233.7,14,41,0.165,47.9,0
34.59,6,26,0.288,9.3,0
169.4,16,68,0.51,187.7,1
28.66,19,44,0.837,75.9,1
51.41,20,33,0.172,6.3,0
18.69,22,63,0.612,75.0,0
86.06,2,64,0.753,115.2,0
231.63,3,27,0.936,70.3,1
50.53,22,22,0.117,36.5,0
44.84,9,20,0.926,15.3,0
17.91,0,65,0.601,116.1,1
43.41,6,56,0.767,74.1,0
11.1,20,67,0.054,105.6,0
21.91,8,56,0.506,26.7,0
68.5,1,42,0.623,6.4,0
204.18,17,54,0.307,19.2,0
906.16,4,62,0.432,71.8,0
30.37,8,42,0.554,34.5,0
229.36,0,74,0.553,27.7,0
69.67,14,73,0.042,37.1,0
46.93,10,67,0.439,144.7,0
84.15,20,79,0.214,32.6,0
58.09,8,42,0.917,85.9,1
60.97,4,25,0.977,6.4,1
36.29,3,48,0.3,28.2,0
13.49,4,64,0.175,0.9,0
11.66,10,66,0.22,6.4,0
104.92,2,42,0.478,12.8,0
41.4,9,36,0.875,38.9,0
30.08,20,45,0.5,145.5,0
55.06,18,67,0.055,72.2,0
120.9,15,21,0.04,0.1,0
65.39,21,38,0.227,9.7,0
28.33,18,32,0.843,120.1,1
186.1,15,67,0.621,271.3,1
264.86,20,47,0.563,65.5,1
89.53,2,23,0.319,89.8,0
144.56,19,34,0.929,51.9,0
189.04,7,20,0.331,63.0,0
169.03,17,47,0.835,88.1,1
100.9,21,79,0.896,23.4,0
99.32,11,53,0.483,15.4,0
91.8,2,71,0.894,20.5,1
18.22,8,64,0.277,99.8,0
110.03,9,72,0.658,12.7,0
14.07,22,37,0.088,145.1,1
24.67,22,76,0.474,21.9,0
201.05,13,32,0.217,2.6,0
126.5,22,45,0.063,124.1,0
241.63,10,60,0.004,75.8,0
41.61,9,35,0.325,118.3,0
17.25,20,34,0.59,34.0,0
42.93,16,26,0.455,21.7,0
60.46,12,18,0.302,84.9,0
59.09,10,49,0.991,41.8,0
169.64,16,79,0.94,23.8,1
38.04,18,31,0.126,32.0,0
77.64,11,45,0.415,26.8,0
20.32,0,76,0.649,0.1,0
85.65,2,65,0.733,20.2,0
54.77,3,18,0.366,58.7,0
25.8,11,49,0.746,0.8,0
43.13,14,26,0.124,31.3,0
45.41,19,33,0.332,36.0,0
41.67,5,33,0.716,2.7,0
320.97,18,55,0.626,56.3,1
49.48,15,30,0.837,156.0,1
42.78,1,33,0.047,132.5,0
6.7,8,31,0.174,9.5,0
22.33,7,40,0.048,5.0,0
41.97,21,58,0.192,68.8,0
27.5,22,42,0.004,172.9,0
217.39,19,38,0.504,1.4,0
46.3,12,50,0.528,19.5,0
198.04,11,56,0.658,10.0,0
58.07,7,18,0.385,20.8,0
56.67,18,73,0.003,67.2,0
49.96,2,74,0.674,2.8,0
54.81,6,55,0.054,39.8,0
304.54,3,53,0.866,5.2,1
5.37,11,61,0.023,0.4,0
7.38,7,45,0.53,7.1,0
31.72,4,40,0.895,2.0,0
55.4,9,39,0.572,58.6,0
108.86,20,27,0.608,16.0,0
87.63,13,70,0.682,22.9,0
37.18,19,37,0.122,18.5,0
151.27,21,35,0.675,15.5,0
152.96,21,77,0.88,108.1,0
65.63,8,49,0.974,34.6,0
142.97,21,56,0.443,34.5,0
71.71,21,33,0.345,40.2,0
31.14,23,35,0.753,7.0,1
109.71,8,63,0.543,27.2,0
60.98,5,45,0.257,50.4,0
54.67,14,27,0.172,54.1,0
238.16,22,69,0.17,19.2,0
4.71,21,42,0.459,5.6,0
13.23,13,59,0.17,26.9,0
16.66,3,39,0.02,108.4,0
37.97,10,52,0.052,53.7,0
42.33,17,66,0.93,19.3,0
12.09,13,72,0.073,223.5,0
20.39,8,30,0.073,46.9,0
23.08,8,59,0.451,197.9,0
637.42,1,74,0.245,32.2,0
330.88,6,57,0.963,9.2,1
36.17,16,26,0.911,17.4,0
37.96,5,29,0.405,82.3,1
17.3,23,30,0.449,41.4,0
8.1,1,24,0.375,8.9,0
48.58,14,64,0.038,109.1,0
20.13,11,77,0.293,14.7,0
50.16,19,50,0.123,93.5,0
11.02,21,55,0.102,2.4,0
25.48,13,65,0.561,65.3,0
63.35,15,43,0.099,2.1,0
78.74,16,47,0.103,48.9,0
82.89,12,54,0.481,23.0,0
14.58,4,36,0.442,121.8,1
128.34,10,21,0.138,27.9,0
24.53,5,53,0.004,120.4,0
102.81,11,68,0.193,35.7,0
54.02,14,22,0.236,3.5,0
13.79,5,31,0.8,12.9,1
39.8,5,34,0.915,29.9,1
78.68,19,67,0.406,143.0,0
100.78,9,49,0.405,13.9,0
47.42,4,51,0.712,100.2,0
252.59,17,58,0.627,56.3,0
149.53,17,35,0.184,86.6,0
42.24,19,62,0.108,35.3,0
115.6,18,19,0.438,13.1,0
377.58,23,25,0.565,17.0,1
387.8,13,68,0.139,37.6,0
15.99,6,58,0.293,80.8,0
21.62,20,28,0.306,47.3,0
241.03,6,45,0.261,122.7,0
18.95,6,21,0.461,0.4,0
14.55,19,59,0.653,4.5,0
33.58,21,64,0.509,33.1,0
83.12,8,35,0.201,14.4,0
49.28,17,39,0.103,66.7,0
28.49,22,32,0.822,27.0,0
27.82,19,42,0.479,92.8,0
26.78,0,34,0.062,69.8,0
22.66,15,33,0.258,126.8,0
534.66,4,44,0.804,6.3,1
73.52,20,71,0.752,24.3,0
132.52,1,65,0.876,8.2,0
33.48,23,36,0.602,59.9,1
45.33,4,76,0.423,10.2,0
26.75,10,31,0.427,35.6,0
3.85,5,74,0.194,65.2,0
13.76,19,37,0.651,39.2,0
8.93,9,51,0.585,51.8,0
5.76,17,30,0.155,2.7,0
16.52,1,65,0.886,32.3,0
205.4,10,37,0.368,19.8,0
52.23,21,72,0.05,19.8,0
198.46,22,23,0.328,48.5,0
82.35,5,49,0.87,67.7,1
119.41,9,27,0.917,15.9,1
22.18,9,73,0.49,63.8,0
92.2,13,43,0.956,69.8,0
113.15,12,59,0.875,6.5,0
30.67,2,72,0.825,155.1,1
95.54,18,51,0.86,81.7,1
96.18,5,21,0.382,122.1,1
31.51,7,31,0.756,29.8,0
17.77,20,31,0.577,14.6,0
16.71,16,74,0.72,2.4,0
59.53,9,74,0.178,85.1,1
75.72,21,47,0.731,180.2,1
24.72,9,73,0.958,43.3,0
56.07,13,33,0.303,29.6,0
96.6,5,60,0.986,51.7,1
101.31,4,42,0.378,4.6,0
257.72,11,32,0.2,12.0,0
195.78,13,33,0.112,39.8,0
20.06,19,44,0.785,33.5,1
294.0,9,39,0.555,136.3,1
32.11,21,31,0.307,36.0,0
155.22,14,38,0.608,19.2,0
58.44,1,25,0.332,23.1,0
36.16,17,78,0.448,47.2,0
8.96,13,41,0.863,6.8,0
45.99,9,24,0.668,18.2,0
11.48,11,53,0.762,15.7,0
143.64,7,72,0.583,127.3,0
248.84,14,40,0.991,18.8,1
24.61,13,70,0.241,14.9,0
73.85,10,55,0.262,8.3,0
26.43,6,63,0.093,28.5,0
29.12,9,36,0.554,1.7,0
118.45,11,20,0.613,48.2,0
52.53,11,39,0.726,54.0,0
310.95,7,75,0.335,5.6,0
33.71,13,67,0.012,1.3,0
148.31,5,66,0.632,19.5,0
60.18,12,72,0.999,164.7,1
121.0,2,41,0.295,98.4,0
34.91,11,37,0.184,66.3,0
51.96,18,75,0.282,83.3,0
48.64,19,53,0.425,99.2,0
23.66,16,36,0.251,19.1,0
105.86,17,35,0.347,30.2,0
104.61,1,72,0.638,59.9,0
98.85,8,21,0.345,14.5,0
253.91,15,21,0.396,118.5,1
232.61,19,63,0.04,46.9,0
37.53,13,18,0.918,41.7,0
79.29,20,28,0.407,21.1,0
29.27,6,79,0.328,4.6,0
55.89,3,44,0.086,54.9,0
29.97,2,63,0.634,62.1,0
275.91,13,48,0.864,111.1,1
78.55,15,23,0.041,42.5,0
43.9,6,29,0.145,52.1,0
180.12,18,65,0.146,60.1,0
6.23,17,23,0.602,43.5,0
7.29,8,54,0.921,20.9,0
121.01,5,39,0.438,39.9,0
58.0,17,40,0.344,10.1,0
70.14,16,77,0.766,9.5,0
14.49,4,55,0.743,141.0,1
53.34,6,56,0.247,10.6,0
404.85,11,39,0.161,30.4,0
124.49,12,41,0.358,30.2,0
64.7,3,60,0.776,38.6,0
35.2,22,20,0.695,180.8,1
36.8,9,32,0.666,14.3,0
6.49,9,55,0.829,1.9,0
70.64,1,56,0.277,21.6,0
127.16,21,23,0.34,22.2,0
11.3,5,66,0.042,7.0,0
28.18,23,51,0.869,1.2,0
17.16,11,32,0.582,16.2,0
20.79,20,64,0.298,43.3,0
57.6,4,79,0.069,1.2,0
6.79,3,44,0.723,24.7,0
100.91,19,35,0.749,29.1,0
116.03,19,36,0.666,105.6,1
42.47,13,54,0.204,112.5,0
4.57,0,20,0.913,72.0,0
20.16,22,47,0.753,23.6,0
187.34,9,19,0.658,13.7,0
3.39,22,20,0.651,19.3,0
38.57,20,44,0.904,28.1,0
16.78,20,64,0.928,60.8,0
122.07,16,72,0.596,43.6,0
27.8,16,23,0.417,1.2,0
81.77,12,33,0.364,39.9,0
96.11,0,44,0.819,79.9,1
342.48,9,53,0.645,122.0,1
44.57,17,79,0.077,3.4,0
79.52,19,60,0.142,265.5,1
12.37,13,51,0.9,38.6,0
179.54,17,21,0.884,3.6,0
25.52,0,23,0.952,64.7,1
31.16,11,27,0.428,99.5,0
53.4,12,58,0.784,17.9,0
11.44,21,38,0.828,13.0,0
68.63,7,32,0.316,21.2,0
143.66,5,59,0.145,47.7,0
73.18,8,68,0.997,17.4,0
11.15,4,45,0.03,5.6,0
48.24,13,72,0.597,23.7,0
114.67,15,63,0.65,16.0,0
8.35,19,62,0.682,40.2,0
18.64,23,71,0.256,83.8,0
131.18,1,29,0.722,26.1,1
71.53,5,65,0.216,115.3,0
82.43,7,77,0.829,53.1,0
350.55,5,79,0.219,32.5,0
87.23,19,53,0.697,60.5,0
105.41,3,64,0.783,85.1,1
821.18,0,73,0.189,51.2,1
44.09,20,70,0.238,5.0,0
24.58,23,73,0.779,1.4,0
83.75,5,69,0.086,80.1,0
84.69,7,41,0.191,5.6,0
32.24,12,63,0.456,38.9,0
19.45,12,43,0.93,5.0,0
549.96,23,67,0.562,122.2,1
75.7,9,68,0.388,19.5,0
26.25,0,75,0.978,49.9,1
136.45,10,54,0.464,14.3,0
48.95,13,47,0.434,37.2,0
42.4,12,28,0.412,0.9,0
95.8,12,57,0.312,14.9,0
15.0,22,53,0.326,67.8,0
77.68,19,49,0.688,23.9,1
369.8,6,59,0.041,31.4,0
87.02,8,70,0.682,66.8,0
37.48,16,27,0.201,14.5,0
32.88,9,44,0.384,3.0,0
36.22,10,62,0.147,23.7,0
42.35,4,68,0.553,51.5,0
37.42,6,66,0.729,42.3,0
136.5,17,67,0.355,82.1,0
9.65,20,71,0.163,147.3,0
129.28,18,77,0.227,92.4,0
37.35,7,55,0.818,11.6,1
79.59,3,33,0.268,73.1,1
17.69,3,52,0.775,52.4,0
206.16,9,61,0.331,34.3,0
189.74,12,24,0.189,14.8,0
142.54,21,64,0.727,69.1,0
12.0,21,51,0.469,23.0,0
125.1,0,76,0.031,0.1,0
81.85,16,31,0.96,60.3,0
10.97,7,74,0.148,16.2,0
53.29,4,45,0.353,92.8,0
78.61,13,53,0.385,98.3,0
95.21,0,58,0.489,6.7,0
65.19,8,53,0.785,81.1,1
73.06,13,74,0.006,21.5,0
238.32,6,28,0.932,16.4,0
186.05,14,63,0.646,30.2,0
3.1,11,78,0.951,13.6,0
39.75,19,31,0.817,16.0,0
46.31,4,33,0.928,41.2,0
9.47,1,47,0.601,27.7,0
59.99,12,62,0.357,99.5,0
190.33,6,77,0.443,50.5,0
18.42,16,67,0.658,76.5,0
76.43,2,67,0.427,21.4,1
21.85,13,45,0.732,67.6,0
27.88,23,58,0.092,69.5,0
239.22,2,31,0.83,96.1,1
31.74,7,46,0.204,18.2,0
86.68,20,29,0.944,3.5,0
8.4,12,19,0.156,36.0,0
351.54,4,71,0.129,1.3,0
99.75,5,67,0.812,126.3,1
45.49,18,49,0.819,3.5,0
97.08,20,18,0.739,33.9,0
13.33,8,23,0.961,81.5,0
178.13,11,24,0.271,20.8,0
39.49,18,62,0.827,71.5,1
44.52,4,30,0.352,55.7,0
33.39,4,33,0.537,7.4,0
30.55,18,71,0.446,57.4,0
109.36,4,72,0.006,27.2,0
70.52,18,65,0.574,19.9,0
104.77,11,37,0.748,53.9,0
54.12,23,53,0.175,104.5,0
91.21,0,30,0.932,97.3,1
35.91,22,71,0.53,71.2,0
507.62,5,23,0.178,49.8,1
11.38,0,64,0.646,53.5,0
192.66,17,49,0.192,57.7,0
214.41,12,64,0.064,34.5,0
23.29,20,45,0.685,53.1,0
507.39,2,27,0.111,6.5,1
147.75,1,64,0.106,85.5,0
144.19,13,57,0.74,13.8,0
56.15,21,46,0.055,24.9,0
43.94,9,41,0.81,152.0,0
44.28,19,39,0.796,45.4,0
80.68,21,47,0.141,9.5,0
221.67,20,34,0.518,0.7,0
65.45,12,35,0.097,6.2,0
21.95,16,35,0.633,8.7,0
124.52,12,18,0.063,33.6,0
137.16,16,75,0.944,36.2,0
105.07,13,32,0.208,23.7,0
115.07,12,28,0.683,26.9,0
41.64,10,27,0.128,137.8,0
21.56,15,79,0.21,53.9,0
22.92,18,47,0.451,33.0,0
10.64,22,38,0.573,16.0,0
69.2,14,43,0.999,8.7,0
50.23,2,23,0.026,8.5,0
35.16,14,37,0.0,51.4,0
2.84,7,33,0.35,4.2,0
15.68,0,67,0.366,46.7,0
167.48,1,21,0.884,95.1,1
28.09,14,44,0.913,20.6,0
78.3,22,66,0.881,316.6,1
13.59,12,69,0.143,20.3,0
230.14,10,49,0.412,24.6,0
47.27,2,31,0.746,228.7,1
72.97,16,38,0.313,23.4,0
558.79,1,31,0.663,27.3,1
248.75,20,59,0.237,73.2,1
40.18,19,36,0.323,86.3,0
30.17,23,57,0.86,63.2,0
39.43,6,58,0.251,39.6,0
90.91,3,76,0.964,10.7,0
49.15,7,40,0.306,6.1,0
36.77,19,77,0.024,1.3,0
236.79,5,42,0.255,45.3,1
48.71,21,60,0.171,75.7,0
544.35,3,59,0.507,43.2,1
59.78,1,68,0.113,4.7,0
325.49,5,47,0.626,11.6,1
78.05,18,67,0.875,21.6,0
143.02,14,40,0.363,5.8,0
26.45,8,48,0.168,26.1,0
23.25,15,48,0.4,58.7,0
86.46,15,61,0.786,103.8,0
146.72,13,56,0.591,118.1,1
56.84,12,22,0.101,112.8,0
15.08,2,68,0.537,5.1,0
14.01,6,64,0.468,142.5,0
13.1,12,24,0.327,54.6,0
9.32,3,77,0.11,171.2,0
60.92,11,58,0.981,4.8,0
168.18,2,23,0.176,8.0,1
53.87,18,48,0.193,214.5,0
5.69,2,69,0.146,52.7,0
45.12,2,35,0.57,70.2,1
46.4,15,75,0.444,84.8,0
444.08,5,43,0.25,6.3,0
12.72,8,32,0.429,14.2,0
36.94,7,40,0.674,0.3,0
300.62,5,50,0.282,212.6,1
85.63,18,60,0.915,27.4,0
95.9,16,75,0.306,2.3,0
61.23,5,30,0.198,0.5,0
75.94,16,77,0.955,13.9,0
118.82,17,50,0.811,12.3,0
24.3,12,25,0.343,113.0,0
131.38,13,75,0.841,3.9,0
13.83,22,39,0.519,50.3,0
75.82,10,56,0.347,22.5,0
65.28,9,61,0.84,3.6,0
29.48,12,18,0.752,12.9,0
53.37,20,31,0.298,106.2,0
29.3,17,60,0.607,10.6,0
18.7,1,38,0.369,31.2,0
38.34,11,18,0.001,109.5,0
18.1,17,19,0.962,28.4,0
75.4,5,69,0.55,237.1,1
17.29,23,27,0.598,55.1,0
111.27,19,24,0.6,29.8,0
16.75,20,52,0.551,82.4,0
30.99,1,25,0.29,31.5,0
29.24,13,58,0.972,31.4,0
205.44,12,51,0.622,40.9,0
75.97,15,58,0.671,20.7,0
44.18,20,48,0.455,35.9,0
89.9,8,66,0.288,71.7,0
6.64,12,57,0.064,67.5,0
52.29,16,43,0.35,1.9,0
402.43,18,18,0.176,28.0,1
62.32,18,34,0.662,12.2,0
58.43,8,26,0.879,13.1,0
94.46,23,18,0.303,28.8,0
133.7,0,34,0.333,61.9,1
7.41,11,30,0.67,13.8,0
10.15,14,22,0.149,12.7,0
67.38,1,37,0.929,81.8,1
26.71,10,49,0.364,12.7,0
202.76,14,29,0.101,19.6,0
39.84,14,34,0.175,16.1,0
7.89,2,19,0.933,9.0,0
15.36,6,21,0.247,75.7,0
3.49,5,27,0.662,218.2,1
43.2,15,46,0.156,5.7,0
45.22,7,59,0.194,19.7,0
35.71,13,66,0.879,18.5,0
160.59,17,57,0.148,9.6,0
181.0,19,56,0.019,36.3,0
46.04,4,76,0.501,113.0,1
6.46,21,33,0.863,2.6,0
101.22,3,67,0.326,99.6,0
95.14,0,76,0.128,19.8,0
74.4,1,53,0.982,112.1,1
145.69,4,70,0.677,23.1,0
17.03,20,26,0.851,14.3,0
406.98,4,72,0.752,1.7,0
20.92,16,52,0.698,0.2,0
115.49,10,31,0.385,64.7,0
10.1,0,21,0.324,117.1,0
21.54,10,62,0.717,30.6,0
248.73,0,44,0.717,44.3,1
42.06,11,37,0.951,1.1,0
126.46,13,42,0.569,80.5,0
69.2,12,79,0.295,33.3,0
49.16,6,44,0.49,134.8,0
213.55,18,22,0.614,48.5,1
43.09,14,35,0.427,30.6,0
9.2,6,27,0.791,0.3,0
24.45,10,60,0.585,97.3,0
94.75,2,67,0.009,52.1,0
81.09,22,70,0.57,50.1,1
11.39,18,57,0.634,110.2,0
26.46,6,65,0.915,9.6,0
30.52,16,43,0.414,86.8,0
37.88,16,56,0.574,4.6,0
13.79,14,24,0.475,2.9,0
29.13,1,51,0.532,117.2,0
26.35,21,52,0.067,134.3,0
118.1,22,19,0.897,7.4,0
122.62,23,51,0.91,14.8,0
47.19,23,62,0.548,21.4,0
36.89,22,40,0.557,98.2,0
62.8,17,51,0.058,89.8,0
24.13,1,35,0.598,18.7,0
17.34,11,34,0.429,74.1,0
21.32,5,26,0.709,1.8,0
28.94,5,38,0.047,13.4,0
17.06,19,67,0.711,36.2,0
64.2,19,76,0.287,32.1,0
113.26,12,57,0.652,27.3,0
11.17,17,56,0.627,7.4,0
55.99,3,56,0.227,82.2,0
43.82,5,47,0.44,11.8,0
76.82,20,44,0.836,79.3,0
53.9,10,56,0.606,68.0,1
12.76,13,66,0.069,25.0,0
15.45,11,43,0.443,35.7,0
56.23,4,53,0.312,30.6,0
152.75,19,47,0.642,238.0,1
5.96,18,35,0.615,28.2,0
77.15,16,35,0.01,116.5,0
179.4,8,22,0.608,78.1,1
46.85,15,45,0.735,55.1,0
94.65,22,62,0.769,2.1,0
27.03,15,60,0.059,26.3,0
48.45,11,79,0.304,122.8,0
10.8,6,20,0.421,69.0,0
5.24,12,65,0.18,106.0,0
140.16,8,67,0.421,24.1,0
20.39,14,45,0.071,0.9,0
34.62,1,35,0.113,94.9,0
13.65,4,40,0.669,35.1,0
13.33,18,60,0.263,15.2,0
45.89,9,71,0.711,30.5,0
26.32,10,57,0.048,20.4,0
79.68,13,49,0.563,11.8,0
85.84,10,58,0.391,29.0,0
75.25,18,22,0.797,9.8,0
69.31,5,55,0.784,149.7,1
264.48,18,20,0.376,8.2,0
18.77,5,77,0.623,44.8,0
51.68,8,73,0.228,94.5,0
169.47,14,49,0.58,70.3,0
193.36,21,41,0.081,25.3,0
13.17,5,63,0.435,65.3,0
39.95,14,57,0.183,25.5,0
212.33,1,61,0.883,20.3,1
90.75,1,49,0.445,17.1,1
66.37,18,32,0.591,8.4,0
43.92,17,22,0.36,37.7,0
37.2,9,35,0.289,47.1,0
72.84,14,50,0.203,30.2,0
42.42,9,44,0.912,13.5,1
52.32,6,49,0.799,12.4,0
59.06,10,35,0.133,0.6,0
27.71,7,76,0.747,52.6,0
92.96,19,40,0.419,145.1,1
1006.51,9,70,0.015,60.5,0
9.24,7,42,0.528,90.7,0
75.49,12,45,0.13,16.0,0
25.53,18,55,0.21,49.8,0
97.26,6,34,0.696,0.5,0
57.2,22,31,0.257,40.6,0
116.96,11,41,0.892,152.9,1
176.89,15,67,0.657,24.2,0
66.18,22,26,0.832,25.2,0
169.36,10,45,0.615,31.6,0
5.24,4,59,0.869,68.2,1
267.86,17,61,0.362,6.3,0
79.44,0,44,0.549,49.1,1
160.43,10,23,0.516,88.3,1
16.12,23,18,0.904,26.3,0
23.79,9,47,0.165,38.1,0
63.18,16,68,0.578,111.6,0
53.68,12,19,0.754,45.4,0
72.46,5,73,0.37,6.1,0
161.5,7,59,0.868,61.7,0
9.34,12,18,0.373,12.4,0
144.58,2,39,0.173,39.9,0
55.05,9,31,0.584,50.9,0
44.53,9,76,0.421,23.2,0
12.54,20,52,0.015,13.9,0
90.29,2,38,0.07,123.4,1
4.88,20,35,0.195,52.3,0
104.42,9,52,0.769,36.1,0
12.28,15,18,0.892,20.4,0
57.6,13,33,0.546,111.4,1
48.46,7,28,0.106,42.8,0
175.83,22,56,0.534,165.8,1
45.67,5,59,0.856,28.0,0
27.27,0,46,0.749,86.6,1
32.9,18,26,0.291,72.1,0
194.98,14,40,0.124,35.3,0
93.34,21,70,0.901,51.2,0
37.13,10,30,0.854,128.3,1
43.1,0,28,0.054,10.9,0
11.39,0,24,0.824,0.8,0
80.52,10,68,0.097,28.8,0
9.4,5,25,0.063,8.2,0
115.79,22,54,0.759,10.9,0
62.09,2,79,0.536,130.8,1
594.04,21,57,0.415,26.9,0
18.17,5,43,0.904,8.9,1
49.27,2,30,0.839,45.1,1
329.73,6,18,0.058,0.1,0
179.72,3,27,0.616,14.6,0
27.22,9,77,0.772,25.7,0
68.3,7,26,0.55,52.7,0
54.71,12,19,0.983,110.4,1
72.38,12,68,0.686,1.0,0
27.15,0,43,0.104,28.5,0
49.93,2,40,0.198,8.3,0
11.04,3,62,0.826,63.3,0
62.5,4,50,0.997,38.0,1
85.63,2,74,0.098,19.2,0
43.49,7,46,0.1,8.6,0
10.86,13,62,0.763,52.3,0
146.72,7,72,0.064,23.9,0
78.61,7,46,0.069,67.9,0
26.42,11,35,0.889,39.5,0
41.24,13,78,0.8,20.6,0
12.17,7,32,0.882,100.3,0
19.58,5,20,0.651,51.8,0
31.89,9,53,0.323,68.4,0
186.5,0,79,0.906,37.0,1
28.8,11,23,0.299,45.7,0
103.57,22,70,0.276,44.3,0
31.87,9,69,0.886,26.5,0
69.96,2,75,0.681,17.8,0
47.4,16,44,0.896,104.1,1
130.72,3,33,0.156,19.5,0
31.98,4,49,0.952,6.4,1
11.33,3,26,0.613,25.8,0
13.71,21,70,0.668,50.3,0
32.08,23,59,0.914,84.8,1
15.66,13,47,0.381,40.0,0
82.29,14,49,0.72,69.4,0
34.27,15,62,0.64,107.5,0
586.75,14,50,0.788,83.3,1
9.61,13,70,0.897,19.6,0
66.93,23,75,0.68,91.4,1
17.67,17,76,0.068,87.5,0
33.33,2,56,0.183,15.2,0
62.89,9,64,0.954,12.7,0
5.34,23,37,0.969,108.5,1
69.19,9,20,0.967,53.2,0
366.1,4,42,0.037,33.3,1
34.69,20,72,0.382,86.3,0
70.8,14,26,0.76,2.1,0
152.16,13,51,0.753,6.1,1
46.34,10,29,0.086,79.2,1
30.54,2,44,0.609,50.2,0
5.61,9,26,0.143,2.1,0
103.65,10,63,0.493,2.9,0
48.76,22,68,0.24,42.5,0
19.83,7,65,0.053,16.5,0
61.97,3,61,0.08,22.7,0
30.46,10,32,0.911,88.1,0
32.19,23,50,0.745,60.3,1
100.11,11,24,0.932,51.0,0
14.32,9,41,0.47,62.4,0
155.6,16,49,0.413,30.7,0
13.49,15,59,0.358,31.0,0
28.14,7,24,0.616,97.7,0
373.51,23,68,0.352,2.2,1
168.57,14,46,0.746,56.1,0
60.2,1,72,0.801,8.0,0
21.32,9,50,0.876,53.4,0
32.16,22,51,0.243,4.1,0
58.75,9,60,0.527,233.7,1
56.69,13,68,0.223,82.7,0
49.86,14,27,0.038,7.6,0
52.94,16,49,0.708,42.6,0
44.06,20,19,0.549,195.5,1
12.91,3,47,0.724,20.2,0
32.57,12,68,0.088,59.4,0
136.27,12,71,0.996,220.8,1
13.9,3,35,0.994,61.5,1
45.17,16,41,0.465,14.8,0
24.05,2,52,0.866,68.3,0
61.03,10,42,0.244,48.5,0
37.02,7,29,0.738,6.2,0
239.22,3,36,0.879,18.6,1
90.61,19,43,0.815,3.9,0
14.71,5,50,0.812,11.7,0
106.83,6,75,0.463,24.4,0
25.16,20,51,0.82,2.0,0
30.66,21,42,0.691,42.7,0
74.73,0,58,0.132,12.5,0
33.39,6,65,0.114,41.0,0
133.33,17,44,0.772,59.1,0
25.17,18,48,0.625,38.9,0
29.4,23,31,0.519,43.5,0
28.32,13,71,0.907,9.9,0
31.01,0,71,0.66,210.8,1
163.89,20,28,0.396,18.6,0
102.39,3,39,0.414,15.0,0
301.85,2,34,0.605,113.1,1
527.23,16,75,0.76,67.7,1
19.48,14,22,0.564,7.8,1
58.58,1,30,0.509,3.0,0
16.84,4,37,0.727,19.2,0
25.09,14,52,0.705,192.4,0
29.08,6,33,0.83,78.2,1
18.97,16,51,0.063,35.4,0
19.07,9,64,0.755,0.7,0
47.26,14,69,0.514,21.3,0
16.17,11,24,0.075,17.9,0
126.74,8,26,0.679,145.9,1
21.81,8,23,0.717,1.1,0
906.48,16,74,0.524,0.8,0
34.77,12,58,0.794,54.9,0
58.68,14,50,0.3,6.9,0
14.95,13,67,0.202,24.0,0
300.69,4,54,0.351,4.8,1
167.25,21,32,0.41,10.0,0
73.47,13,49,0.696,20.8,0
14.2,17,61,0.846,46.1,0
67.4,21,20,0.721,67.9,0
17.79,22,55,0.174,40.6,0
235.65,16,48,0.366,1.3,0
122.63,18,22,0.158,25.1,0
60.07,11,34,0.687,9.0,0
4.78,17,45,0.248,9.5,0
20.42,7,39,0.525,31.6,0
108.61,17,35,0.792,66.8,1
183.62,2,58,0.671,12.3,0
165.53,21,43,0.298,76.2,0
11.11,5,48,0.333,67.6,0
73.81,15,67,0.653,129.4,0
150.73,0,23,0.549,98.3,1
10.4,3,40,0.096,35.8,0
54.17,23,22,0.874,11.0,0
71.8,20,75,0.513,57.0,0
40.42,5,29,0.473,152.3,1
8.57,3,68,0.198,102.0,0
39.42,19,29,0.377,19.2,0
39.36,23,38,0.333,181.1,1
47.08,4,55,0.271,13.2,0
31.08,15,69,0.567,38.5,0
35.06,6,29,0.462,32.0,0
52.47,17,31,0.889,97.6,1
84.98,10,72,0.941,29.7,0
40.27,3,37,0.219,66.1,1
36.25,7,31,0.1,24.2,0
59.88,12,64,0.785,10.5,0
8.0,19,23,0.995,80.2,0
87.97,0,71,0.864,37.0,1
54.57,22,72,0.024,81.1,0
56.81,15,71,0.251,37.7,0
142.7,21,36,0.043,20.9,0
7.75,22,25,0.821,24.4,0
7.58,3,44,0.581,232.5,1
71.79,2,38,0.514,107.0,1
54.21,18,77,0.554,96.3,0
64.73,4,57,0.252,72.8,0
34.39,3,76,0.602,9.1,1
106.1,11,64,0.031,51.6,0
138.75,21,62,0.646,35.0,0
88.59,19,24,0.734,47.0,0
42.06,12,22,0.673,26.4,1
6.63,4,20,0.332,100.4,0
117.83,8,54,0.826,68.9,0
185.25,16,30,0.716,50.6,1
104.02,3,79,0.128,23.7,0
22.65,12,26,0.195,31.3,0
107.1,0,76,0.637,47.9,1
129.09,7,59,0.289,0.1,0
259.52,5,24,0.119,35.5,0
22.73,16,21,0.155,67.5,0
43.53,21,42,0.166,81.4,0
115.27,3,39,0.478,26.9,0
57.82,19,37,0.607,24.7,0
17.86,15,50,0.176,191.3,0
82.65,23,26,0.712,9.3,1
97.38,21,26,0.281,31.1,0
59.62,2,61,0.312,31.5,0
68.01,17,79,0.223,51.9,0
42.15,14,34,0.785,43.5,1
239.43,2,75,0.96,43.4,1
22.18,6,39,0.492,23.5,0
30.35,22,38,0.042,71.1,0
55.2,13,23,0.261,81.3,0
131.49,8,44,0.158,78.4,1
12.21,7,48,0.843,31.0,0
14.73,20,59,0.085,45.3,0
7.12,6,27,0.966,13.5,0
56.41,3,29,0.589,45.8,0
17.84,13,44,0.518,45.4,0
37.17,23,22,0.847,29.0,0
105.78,4,26,0.028,168.3,1
28.74,6,57,0.777,15.1,0
68.81,11,77,0.117,2.5,0
40.47,4,53,0.841,158.3,1
106.92,15,26,0.529,97.3,0
87.81,6,79,0.061,7.2,0
27.33,3,50,0.833,27.7,0
46.12,6,62,0.027,8.9,0
155.05,22,30,0.138,43.7,1
80.91,22,53,0.798,8.3,0
13.5,12,22,0.465,48.4,0
105.17,9,56,0.881,18.5,0
18.46,19,30,0.635,132.6,0
224.19,4,74,0.624,30.4,0
152.03,15,21,0.292,49.2,0
72.96,16,58,0.134,17.6,0
63.89,17,26,0.961,31.6,0
44.3,5,60,0.105,2.5,0
107.61,17,48,0.529,16.5,0
37.68,14,77,0.273,42.0,0
69.1,21,58,0.264,14.4,0
130.57,4,41,0.595,8.5,1
31.13,14,23,0.798,1.7,0
29.48,19,54,0.777,24.6,0
16.54,6,45,0.869,101.5,1
18.83,17,21,0.293,62.0,0
8.77,2,54,0.466,171.0,1
113.28,17,31,0.009,61.5,0
333.26,14,32,0.747,22.7,0
227.09,4,18,0.302,96.3,0
10.74,1,41,0.561,70.4,0
112.71,17,31,0.169,31.9,0
226.36,5,22,0.819,252.0,1
34.58,11,44,0.817,152.7,1
60.43,1,31,0.877,6.3,1
7.33,23,26,0.046,156.8,0
71.29,13,46,0.992,40.9,1
18.85,22,21,0.248,50.4,0
66.66,3,79,0.309,71.6,0
11.46,4,47,0.249,8.6,0
93.96,14,79,0.268,37.2,0
152.1,14,72,0.553,9.2,0
24.95,18,78,0.24,28.2,0
17.52,22,51,0.394,5.0,0
6.32,19,44,0.656,31.0,0
41.83,3,62,0.836,10.3,1
30.52,7,23,0.693,36.0,0
11.58,21,70,0.594,52.9,0
85.89,13,38,0.148,142.7,1
34.81,20,18,0.816,45.7,0
18.62,13,32,0.037,54.7,0
31.36,1,33,0.264,0.9,0
159.38,11,18,0.057,48.1,0
99.78,19,59,0.667,26.9,0
47.94,15,23,0.368,44.5,0
101.4,3,70,0.652,13.2,1
17.1,5,46,0.347,27.0,0
56.39,20,62,0.456,106.1,0
63.26,23,39,0.458,47.9,1
34.13,18,26,0.046,83.0,0
84.39,2,29,0.43,35.0,0
25.02,14,58,0.641,7.0,0
90.91,19,62,0.546,0.0,0
94.81,15,34,0.075,34.3,0
2.95,14,40,0.668,41.6,0
179.52,11,76,0.309,19.0,0
2.59,5,70,0.014,39.6,0
29.49,6,43,0.156,76.6,0
152.22,17,32,0.498,28.3,0
39.75,1,36,0.31,62.4,0
12.6,2,51,0.694,155.7,1
18.29,9,53,0.241,88.2,0
152.46,18,29,0.773,24.6,0
7.99,15,22,0.286,13.0,0
168.85,14,48,0.621,40.3,0
51.67,12,67,0.799,99.7,0
16.57,2,27,0.386,55.5,0
30.47,7,43,0.047,134.9,0
19.74,1,28,0.535,142.8,0
129.83,18,33,0.995,33.3,0
113.57,18,55,0.969,76.5,1
9.78,6,35,0.221,33.7,0
36.47,7,34,0.756,0.1,0
23.03,7,79,0.345,280.5,1
199.04,21,28,0.16,45.3,0
14.15,11,29,0.666,32.7,0
271.57,18,75,0.501,4.5,0
52.81,10,52,0.539,14.9,0
17.08,16,20,0.827,16.1,0
27.74,12,44,0.337,61.5,0
24.49,6,53,0.667,106.1,0
15.26,21,33,0.366,3.8,0
60.03,17,51,0.043,50.7,0
15.99,18,58,0.378,4.8,0
6.17,22,33,0.95,20.4,0
37.35,5,68,0.483,260.3,1
9.0,2,46,0.108,49.9,0
25.73,13,77,0.688,35.1,0
22.0,7,23,0.963,109.7,1
22.85,10,38,0.908,60.9,1
403.82,5,62,0.572,14.6,1
57.77,9,73,0.376,41.4,0
69.78,9,31,0.581,42.8,0
9.24,8,78,0.816,43.3,0
28.39,17,29,0.861,20.4,0
67.71,14,43,0.819,54.1,0
19.6,11,37,0.455,28.3,0
135.38,2,44,0.119,125.2,1
16.4,13,73,0.569,15.7,0
41.0,4,63,0.156,55.8,0
30.38,7,67,0.061,53.2,0
64.35,9,33,0.499,23.3,0
28.78,3,76,0.655,10.4,0
41.64,9,45,0.854,4.5,0
43.11,6,58,0.783,51.0,0
26.2,20,61,0.857,27.2,0
88.69,20,59,0.76,31.6,0
69.3,0,55,0.703,25.1,1
49.97,14,47,0.01,6.9,0
35.5,15,58,0.626,30.5,0
121.09,9,74,0.12,0.8,0
43.13,11,42,0.059,23.0,0
40.18,18,49,0.156,36.4,0
60.62,9,29,0.823,118.4,1
297.85,1,40,0.744,6.9,1
14.29,8,65,0.949,45.1,0
117.9,6,57,0.979,21.8,0
8.22,9,31,0.893,81.5,0
67.85,5,51,0.133,13.4,0
263.77,3,68,0.878,26.3,1
89.0,23,25,0.839,62.4,1
64.76,3,21,0.871,20.6,1
31.17,16,42,0.152,79.1,0
56.32,17,58,0.117,3.3,0
42.43,14,37,0.924,14.1,0
24.88,21,68,0.174,1.2,0
40.86,0,70,0.369,65.3,0
66.58,7,51,0.456,25.8,0
25.35,4,41,0.124,43.5,0
24.38,13,20,0.021,4.5,0
14.01,15,68,0.994,42.2,0
80.7,21,73,0.877,15.8,0
94.19,9,45,0.912,52.7,1
68.83,5,50,0.285,17.4,0
143.33,22,64,0.22,24.0,0
59.61,16,61,0.426,25.8,0
80.8,18,26,0.453,279.3,1
73.98,10,59,0.006,98.7,0
49.82,10,75,0.779,0.9,0
32.11,9,64,0.997,20.4,0
499.77,17,47,0.529,108.5,0
